16 2
0 40005
1 40004
30 40014
10 40007
45 40012
3 40006
2 40008
4 40009
90 40010
100 40015
78 40013
255 40011
%%
main 1 1 1 4 0
globals 1 0 0 0 0
%%
CLR -1 -1 -1 
GOTO -1 -1 2 
+ 40006 40007 25000 
101 25000 -1 22000 
- 40008 40009 25001 
+ 25001 40010 25002 
101 25002 -1 22000 
302 40011 40012 40013 
304 40006 -1 -1 
209 -1 -1 1 
201 22000 40014 -1 
301 40011 40012 40013 
101 40006 -1 25003 
209 -1 -1 1 
201 22000 40014 -1 
- 25003 40004 25003 
== 25003 40005 24000 
GOTOF 24000 -1 13 
ENDPROG -1 -1 -1 
